0.474452554744526
0.681481481481481
0.496350364963504
0.720588235294118
0.518248175182482
0.697416974169742
0.452554744525547
0.707407407407407
0.452554744525547
0.71003717472119
0.333333333333333
0.9739336492891
0.34375
0.976525821596244
0.272727272727273
0.97254004576659
0.303030303030303
0.978622327790974
0.32258064516129
0.978971962616822
0.688732394366197
0.415730337078652
0.687323943661972
0.432584269662921
0.694366197183099
0.435393258426966
0.683098591549296
0.443820224719101
0.695774647887324
0.393258426966292
0.601351351351351
0.361702127659574
0.655405405405405
0.380434782608696
0.630872483221476
0.408602150537634
0.646666666666667
0.423913043478261
0.616438356164384
0.361702127659574
0.645161290322581
0.316326530612245
0.670967741935484
0.353535353535354
0.651612903225806
0.36
0.675324675324675
0.333333333333333
0.670967741935484
0.292929292929293
