#use "awk 'NR % 2 == 1' status_qou_all_tpr" and "awk 'NR % 2 == 0' status_qou_all_tpr" to get the classes separated
0.27007299270073
0.855555555555556
0.313868613138686
0.867647058823529
0.291970802919708
0.845018450184502
0.306569343065693
0.867158671586716
0.277372262773723
0.843866171003718
0.166666666666667
1.0
0.15625
1.0
0.0606060606060606
0.997711670480549
0.151515151515152
0.997624703087886
0.129032258064516
0.997663551401869
0.919718309859155
0.165730337078652
0.911267605633803
0.132022471910112
0.912676056338028
0.143258426966292
0.915492957746479
0.160112359550562
0.91114245416079
0.132022471910112
0.804054054054054
0.180851063829787
0.777027027027027
0.195652173913043
0.798657718120805
0.10752688172043
0.853333333333333
0.173913043478261
0.815068493150685
0.138297872340426
0.774193548387097
0.193877551020408
0.832258064516129
0.202020202020202
0.825806451612903
0.18
0.844155844155844
0.222222222222222
0.819354838709677
0.181818181818182
