0.233576642335766
0.87037037037037
0.255474452554745
0.878676470588235
0.255474452554745
0.878228782287823
0.240875912408759
0.874538745387454
0.233576642335766
0.847583643122677
0.166666666666667
0.997635933806147
0.15625
0.997658079625293
0.0909090909090909
0.997711670480549
0.151515151515152
0.997624703087886
0.129032258064516
0.997663551401869
0.935211267605634
0.154494382022472
0.926760563380282
0.137640449438202
0.932394366197183
0.126404494382022
0.932394366197183
0.123595505617978
0.935211267605634
0.129213483146067
0.837837837837838
0.180851063829787
0.797297297297297
0.141304347826087
0.818791946308725
0.0752688172043011
0.86
0.195652173913043
0.821917808219178
0.127659574468085
0.774193548387097
0.193877551020408
0.832258064516129
0.222222222222222
0.812903225806452
0.17
0.831168831168831
0.232323232323232
0.806451612903226
0.212121212121212
